Label statistics:  [11.553784860557768, 8.764940239043826, 22.31075697211155, 57.37051792828686]
Binary classification detecting unqualified buildings
{'score_time': array([ 0.20209479,  0.25033903,  0.22091603,  0.20237184,  0.25079703,
        0.20705914,  0.25028896,  0.21190596,  0.20255685,  0.24920893]), 'test_score': array([ 1.        ,  1.
     ,  0.94117647,  0.96078431,  0.98      ,
        0.96      ,  0.98      ,  0.94      ,  0.95918367,  0.87755102]), 'train_score': array([ 0.99556541,  0.99
556541,  0.99334812,  1.        ,  0.99778761,
        0.99778761,  0.99557522,  0.99778761,  0.99116998,  0.99558499]), 'fit_time': array([ 1.71960521,  1.69385
91 ,  1.767313  ,  1.70846105,  1.76989388,
        1.71400404,  1.70220995,  1.77964592,  1.71944404,  1.70437312])}
Time taken = 21.7752969265 sec

Qualified label statistics:  [12.663755458515283, 24.45414847161572, 62.882096069869]
Coarse Classification
{'score_time': array([ 0.25489712,  0.20247698,  0.25016904,  0.20267892,  0.25091386,
        0.202075  ,  0.21445012,  0.21084213,  0.21017313,  0.25056791]), 'test_score': array([ 0.76595745,  0.680
85106,  0.7826087 ,  0.73913043,  0.86956522,
        0.91304348,  0.91304348,  0.65217391,  0.34090909,  0.65909091]), 'train_score': array([ 0.91240876,  0.89
051095,  0.90776699,  0.87621359,  0.89805825,
        0.89805825,  0.90776699,  0.91990291,  0.92753623,  0.92753623]), 'fit_time': array([ 1.7182591 ,  1.68704
605,  1.74604893,  1.70446014,  1.68210316,
        1.69976497,  1.7101109 ,  1.76463985,  1.73961997,  1.85400915])}
Time taken = 21.8333559036 sec
